Age(X) vs Math(Y)

+-------+----------+--------+------+----------+----------+--------+
|       |    ID    |   X    |  Y   |    XY    |   X**2   |  Y**2  |
+-------+----------+--------+------+----------+----------+--------+
|       | 11920178 |   19.2 |   93 |   1785.6 |   368.64 |   8649 |
+-------+----------+--------+------+----------+----------+--------+
|       | 11920111 |     20 |   76 |     1520 |      400 |   5776 |
+-------+----------+--------+------+----------+----------+--------+
|       | 11920222 |     50 |  100 |     5000 |     2500 |  10000 |
+-------+----------+--------+------+----------+----------+--------+
|       | 11920178 |     19 |   93 |     1767 |      361 |   8649 |
+-------+----------+--------+------+----------+----------+--------+
|       | 11920111 |     20 |   76 |     1520 |      400 |   5776 |
+-------+----------+--------+------+----------+----------+--------+
|       | 11920222 |     50 |  100 |     5000 |     2500 |  10000 |
+-------+----------+--------+------+----------+----------+--------+
|       | 11920222 |     50 |  100 |     5000 |     2500 |  10000 |
+-------+----------+--------+------+----------+----------+--------+
|       | 11920178 |     19 |   93 |     1767 |      361 |   8649 |
+-------+----------+--------+------+----------+----------+--------+
|       | 11920111 |     20 |   76 |     1520 |      400 |   5776 |
+-------+----------+--------+------+----------+----------+--------+
|       | 11920222 |     50 |  100 |     5000 |     2500 |  10000 |
+-------+----------+--------+------+----------+----------+--------+
|       | 11920222 |     50 |  100 |     5000 |     2500 |  10000 |
+-------+----------+--------+------+----------+----------+--------+
|       | 11920178 |     19 |   93 |     1767 |      361 |   8649 |
+-------+----------+--------+------+----------+----------+--------+
|       | 11920111 |     20 |   76 |     1520 |      400 |   5776 |
+-------+----------+--------+------+----------+----------+--------+
|       | 11920222 |     50 |  100 |     5000 |     2500 |  10000 |
+-------+----------+--------+------+----------+----------+--------+
|       | 11920222 |     50 |  100 |     5000 |     2500 |  10000 |
+-------+----------+--------+------+----------+----------+--------+
|       | 11920178 |     19 |   93 |     1767 |      361 |   8649 |
+-------+----------+--------+------+----------+----------+--------+
|       | 11920111 |     20 |   76 |     1520 |      400 |   5776 |
+-------+----------+--------+------+----------+----------+--------+
|       | 11920222 |     50 |  100 |     5000 |     2500 |  10000 |
+-------+----------+--------+------+----------+----------+--------+
|       | 11920222 |     50 |  100 |     5000 |     2500 |  10000 |
+-------+----------+--------+------+----------+----------+--------+
|       | 11920178 |     19 |   93 |     1767 |      361 |   8649 |
+-------+----------+--------+------+----------+----------+--------+
|       | 11920111 |     20 |   76 |     1520 |      400 |   5776 |
+-------+----------+--------+------+----------+----------+--------+
|       | 11920222 |     50 |  100 |     5000 |     2500 |  10000 |
+-------+----------+--------+------+----------+----------+--------+
|       | 11920222 |     50 |  100 |     5000 |     2500 |  10000 |
+-------+----------+--------+------+----------+----------+--------+
|       | 11920178 |     50 |   93 |     4650 |     2500 |   8649 |
+-------+----------+--------+------+----------+----------+--------+
|       | 11920111 |     20 |   76 |     1520 |      400 |   5776 |
+-------+----------+--------+------+----------+----------+--------+
|       | 11920222 |     50 |  100 |     5000 |     2500 |  10000 |
+-------+----------+--------+------+----------+----------+--------+
|       | 11920222 |     50 |  100 |     5000 |     2500 |  10000 |
+-------+----------+--------+------+----------+----------+--------+
|       | 11920178 |     50 |   93 |     4650 |     2500 |   8649 |
+-------+----------+--------+------+----------+----------+--------+
|       | 11920111 |     50 |   76 |     3800 |     2500 |   5776 |
+-------+----------+--------+------+----------+----------+--------+
|       | 11920222 |     50 |  100 |     5000 |     2500 |  10000 |
+-------+----------+--------+------+----------+----------+--------+
|       | 11920222 |     50 |  100 |     5000 |     2500 |  10000 |
+-------+----------+--------+------+----------+----------+--------+
|       | 11920178 |     50 |   93 |     4650 |     2500 |   8649 |
+-------+----------+--------+------+----------+----------+--------+
|       | 11920111 |     50 |   76 |     3800 |     2500 |   5776 |
+-------+----------+--------+------+----------+----------+--------+
|       | 11920222 |     50 |  100 |     5000 |     2500 |  10000 |
+-------+----------+--------+------+----------+----------+--------+
| Total |          | 1304.2 | 3121 | 122810.6 | 57473.64 | 289825 |
+-------+----------+--------+------+----------+----------+--------+
1. Pearson's Correlation

   r = (34*122810.6 - 3121*1304.2)/ sqrt((34*289825 - 3121*3121) * (34*57473.64 - 1304.2*1304.2))
     = 0.620571

2. Linear Regression

   m = 0.620571 * (9.90478/14.798711)
     = 0.415349

   b = 91.794118 - (0.415349*38.358824)
     = 75.861833

   y = 0.415349x + 75.861833

