Math(X) vs Chinese(Y)

+-------+----------+------+------+--------+--------+--------+
|       |    ID    |  X   |  Y   |   XY   |  X**2  |  Y**2  |
+-------+----------+------+------+--------+--------+--------+
|       | 11920178 |   93 |   87 |   8091 |   8649 |   7569 |
+-------+----------+------+------+--------+--------+--------+
|       | 11920111 |   76 |   75 |   5700 |   5776 |   5625 |
+-------+----------+------+------+--------+--------+--------+
|       | 11920222 |  100 |   20 |   2000 |  10000 |    400 |
+-------+----------+------+------+--------+--------+--------+
|       | 11920178 |   93 |   87 |   8091 |   8649 |   7569 |
+-------+----------+------+------+--------+--------+--------+
|       | 11920111 |   76 |   75 |   5700 |   5776 |   5625 |
+-------+----------+------+------+--------+--------+--------+
|       | 11920222 |  100 |   20 |   2000 |  10000 |    400 |
+-------+----------+------+------+--------+--------+--------+
|       | 11920222 |  100 |   20 |   2000 |  10000 |    400 |
+-------+----------+------+------+--------+--------+--------+
|       | 11920178 |   93 |   87 |   8091 |   8649 |   7569 |
+-------+----------+------+------+--------+--------+--------+
|       | 11920111 |   76 |   75 |   5700 |   5776 |   5625 |
+-------+----------+------+------+--------+--------+--------+
|       | 11920222 |  100 |   20 |   2000 |  10000 |    400 |
+-------+----------+------+------+--------+--------+--------+
|       | 11920222 |  100 |   20 |   2000 |  10000 |    400 |
+-------+----------+------+------+--------+--------+--------+
|       | 11920178 |   93 |   87 |   8091 |   8649 |   7569 |
+-------+----------+------+------+--------+--------+--------+
|       | 11920111 |   76 |   75 |   5700 |   5776 |   5625 |
+-------+----------+------+------+--------+--------+--------+
|       | 11920222 |  100 |   20 |   2000 |  10000 |    400 |
+-------+----------+------+------+--------+--------+--------+
|       | 11920222 |  100 |   20 |   2000 |  10000 |    400 |
+-------+----------+------+------+--------+--------+--------+
|       | 11920178 |   93 |   87 |   8091 |   8649 |   7569 |
+-------+----------+------+------+--------+--------+--------+
|       | 11920111 |   76 |   75 |   5700 |   5776 |   5625 |
+-------+----------+------+------+--------+--------+--------+
|       | 11920222 |  100 |   20 |   2000 |  10000 |    400 |
+-------+----------+------+------+--------+--------+--------+
|       | 11920222 |  100 |   20 |   2000 |  10000 |    400 |
+-------+----------+------+------+--------+--------+--------+
|       | 11920178 |   93 |   87 |   8091 |   8649 |   7569 |
+-------+----------+------+------+--------+--------+--------+
|       | 11920111 |   76 |   75 |   5700 |   5776 |   5625 |
+-------+----------+------+------+--------+--------+--------+
|       | 11920222 |  100 |   20 |   2000 |  10000 |    400 |
+-------+----------+------+------+--------+--------+--------+
|       | 11920222 |  100 |   20 |   2000 |  10000 |    400 |
+-------+----------+------+------+--------+--------+--------+
|       | 11920178 |   93 |   87 |   8091 |   8649 |   7569 |
+-------+----------+------+------+--------+--------+--------+
|       | 11920111 |   76 |   75 |   5700 |   5776 |   5625 |
+-------+----------+------+------+--------+--------+--------+
|       | 11920222 |  100 |   20 |   2000 |  10000 |    400 |
+-------+----------+------+------+--------+--------+--------+
|       | 11920222 |  100 |   20 |   2000 |  10000 |    400 |
+-------+----------+------+------+--------+--------+--------+
|       | 11920178 |   93 |   87 |   8091 |   8649 |   7569 |
+-------+----------+------+------+--------+--------+--------+
|       | 11920111 |   76 |   75 |   5700 |   5776 |   5625 |
+-------+----------+------+------+--------+--------+--------+
|       | 11920222 |  100 |   20 |   2000 |  10000 |    400 |
+-------+----------+------+------+--------+--------+--------+
|       | 11920222 |  100 |   20 |   2000 |  10000 |    400 |
+-------+----------+------+------+--------+--------+--------+
|       | 11920178 |   93 |   87 |   8091 |   8649 |   7569 |
+-------+----------+------+------+--------+--------+--------+
|       | 11920111 |   76 |   75 |   5700 |   5776 |   5625 |
+-------+----------+------+------+--------+--------+--------+
|       | 11920222 |  100 |   20 |   2000 |  10000 |    400 |
+-------+----------+------+------+--------+--------+--------+
| Total |          | 3121 | 1778 | 156119 | 289825 | 125146 |
+-------+----------+------+------+--------+--------+--------+
1. Pearson's Correlation

   r = (34*156119 - 1778*3121)/ sqrt((34*125146 - 1778*1778) * (34*289825 - 3121*3121))
     = -0.684564

2. Linear Regression

   m = -0.684564 * (30.7586/9.90478)
     = -2.125863

   b = 52.2941 - (-2.125863*91.7941)
     = 247.435838

   y = -2.125863x + 247.435838

