Science(X) vs Math(Y)

+-------+----------+------+------+--------+--------+--------+
|       |    ID    |  X   |  Y   |   XY   |  X**2  |  Y**2  |
+-------+----------+------+------+--------+--------+--------+
|       | 11920178 |   92 |   93 |   8556 |   8464 |   8649 |
+-------+----------+------+------+--------+--------+--------+
|       | 11920111 |   87 |   76 |   6612 |   7569 |   5776 |
+-------+----------+------+------+--------+--------+--------+
|       | 11920222 |   60 |  100 |   6000 |   3600 |  10000 |
+-------+----------+------+------+--------+--------+--------+
|       | 11920178 |   92 |   93 |   8556 |   8464 |   8649 |
+-------+----------+------+------+--------+--------+--------+
|       | 11920111 |   87 |   76 |   6612 |   7569 |   5776 |
+-------+----------+------+------+--------+--------+--------+
|       | 11920222 |   60 |  100 |   6000 |   3600 |  10000 |
+-------+----------+------+------+--------+--------+--------+
|       | 11920222 |   60 |  100 |   6000 |   3600 |  10000 |
+-------+----------+------+------+--------+--------+--------+
|       | 11920178 |   92 |   93 |   8556 |   8464 |   8649 |
+-------+----------+------+------+--------+--------+--------+
|       | 11920111 |   87 |   76 |   6612 |   7569 |   5776 |
+-------+----------+------+------+--------+--------+--------+
|       | 11920222 |   60 |  100 |   6000 |   3600 |  10000 |
+-------+----------+------+------+--------+--------+--------+
|       | 11920222 |   60 |  100 |   6000 |   3600 |  10000 |
+-------+----------+------+------+--------+--------+--------+
|       | 11920178 |   92 |   93 |   8556 |   8464 |   8649 |
+-------+----------+------+------+--------+--------+--------+
|       | 11920111 |   87 |   76 |   6612 |   7569 |   5776 |
+-------+----------+------+------+--------+--------+--------+
|       | 11920222 |   60 |  100 |   6000 |   3600 |  10000 |
+-------+----------+------+------+--------+--------+--------+
|       | 11920222 |   60 |  100 |   6000 |   3600 |  10000 |
+-------+----------+------+------+--------+--------+--------+
|       | 11920178 |   92 |   93 |   8556 |   8464 |   8649 |
+-------+----------+------+------+--------+--------+--------+
|       | 11920111 |   87 |   76 |   6612 |   7569 |   5776 |
+-------+----------+------+------+--------+--------+--------+
|       | 11920222 |   60 |  100 |   6000 |   3600 |  10000 |
+-------+----------+------+------+--------+--------+--------+
|       | 11920222 |   60 |  100 |   6000 |   3600 |  10000 |
+-------+----------+------+------+--------+--------+--------+
|       | 11920178 |   92 |   93 |   8556 |   8464 |   8649 |
+-------+----------+------+------+--------+--------+--------+
|       | 11920111 |   87 |   76 |   6612 |   7569 |   5776 |
+-------+----------+------+------+--------+--------+--------+
|       | 11920222 |   60 |  100 |   6000 |   3600 |  10000 |
+-------+----------+------+------+--------+--------+--------+
|       | 11920222 |   60 |  100 |   6000 |   3600 |  10000 |
+-------+----------+------+------+--------+--------+--------+
|       | 11920178 |   92 |   93 |   8556 |   8464 |   8649 |
+-------+----------+------+------+--------+--------+--------+
|       | 11920111 |   87 |   76 |   6612 |   7569 |   5776 |
+-------+----------+------+------+--------+--------+--------+
|       | 11920222 |   60 |  100 |   6000 |   3600 |  10000 |
+-------+----------+------+------+--------+--------+--------+
|       | 11920222 |   60 |  100 |   6000 |   3600 |  10000 |
+-------+----------+------+------+--------+--------+--------+
|       | 11920178 |   92 |   93 |   8556 |   8464 |   8649 |
+-------+----------+------+------+--------+--------+--------+
|       | 11920111 |   87 |   76 |   6612 |   7569 |   5776 |
+-------+----------+------+------+--------+--------+--------+
|       | 11920222 |   60 |  100 |   6000 |   3600 |  10000 |
+-------+----------+------+------+--------+--------+--------+
|       | 11920222 |   60 |  100 |   6000 |   3600 |  10000 |
+-------+----------+------+------+--------+--------+--------+
|       | 11920178 |   92 |   93 |   8556 |   8464 |   8649 |
+-------+----------+------+------+--------+--------+--------+
|       | 11920111 |   87 |   76 |   6612 |   7569 |   5776 |
+-------+----------+------+------+--------+--------+--------+
|       | 11920222 |   60 |  100 |   6000 |   3600 |  10000 |
+-------+----------+------+------+--------+--------+--------+
| Total |          | 2571 | 3121 | 232512 | 201897 | 289825 |
+-------+----------+------+------+--------+--------+--------+
1. Pearson’s Correlation

   r = (34*232512 - 3121*2571)/ sqrt((34*289825 - 3121*3121) * (34*201897 - 2571*2571))
     = -0.69

2. Linear Regression

   m = -0.69 * (10.0537/15.0595)
     = -0.46

   b = 91.7941 - (-0.46*75.6176)
     = 127.06

   y = -0.46x + 127.06

